0.9940329790115356 -1.0067087411880493 0.005766787566244602
1.0019357204437256 -0.0033884630538523197 0.0009872106602415442
-0.03191595524549484 -0.9958127737045288 0.0027173946145921946
-1.0306283235549927 -0.9951144456863403 -0.005421968176960945
-0.0026364377699792385 0.014583513140678406 -0.001770142582245171
0.99625164270401 -1.0097870826721191 0.002775514032691717
1.0044879913330078 0.000758287264034152 0.00883757695555687
-0.031538452953100204 -0.9942052364349365 0.00253016478382051
-1.0304592847824097 -0.9951990246772766 -0.005089440383017063
-0.0026249701622873545 0.014000577852129936 -0.003990378230810165
0.9931471347808838 -1.0070472955703735 0.004838298540562391
-1.029637336730957 -0.9961407780647278 -0.0005436873179860413
1.0035111904144287 0.0036813211627304554 0.010899759829044342
-0.031372878700494766 -0.993816077709198 0.0032899482175707817
-0.002597327111288905 0.011947965249419212 0.0012698245700448751
0.9817087650299072 -1.0003490447998047 0.009420180693268776
1.0093990564346313 -0.004683756735175848 0.0028586830012500286
-0.03161894157528877 -0.9938660860061646 0.0038050005678087473
-1.0294889211654663 -0.9968122839927673 0.001875265035778284
-0.0011082799173891544 0.014059344306588173 0.0005334682646207511
0.9884117245674133 -1.004051923751831 0.008144640363752842
1.0051229000091553 -0.00467475363984704 0.0010650238255038857
-0.031624484807252884 -0.9939009547233582 0.003416072577238083
-1.030594825744629 -0.9951432943344116 -0.0009957004804164171
-0.0020054741762578487 0.014249256812036037 -8.646590868011117e-05
0.9833696484565735 -1.001346230506897 0.009539957158267498
-1.0302066802978516 -0.9949846863746643 -0.002051746007055044
1.0043236017227173 -0.003308560000732541 0.0021255607716739178
-0.03180371969938278 -0.9942895174026489 0.00477846572175622
-0.0030238761100918055 0.014108755625784397 -0.0024742314126342535
0.9825158715248108 -1.0040370225906372 0.006199412979185581
-1.030545949935913 -0.9950751066207886 -0.00478361127898097
1.0021026134490967 -0.0007834444986656308 0.005720647517591715
-0.031692177057266235 -0.994274377822876 0.004355151671916246
-0.0026468532159924507 0.012394578196108341 -0.002086025895550847
0.9765363335609436 -1.0099467039108276 -0.003306386061012745
1.0008206367492676 -0.004637116566300392 -0.0018741090316325426
-0.03139440715312958 -0.9938290119171143 0.0028235591016709805
-1.0298776626586914 -0.995751142501831 -0.002192914020270109
-0.002685683546587825 0.0127002764493227 0.0007710357895120978
0.9808781743049622 -1.0002012252807617 0.008534125983715057
-0.031885839998722076 -0.9960527420043945 0.0009211961878463626
-1.0295677185058594 -0.9964591264724731 0.0002840899978764355
-0.0028015635907649994 0.01295580342411995 0.001807008171454072
1.0062930583953857 -0.00406888872385025 0.0011065676808357239
0.9852406978607178 -1.001090168952942 0.010257165879011154
1.0017437934875488 -0.004256000276654959 0.00021670674323104322
-0.03156309947371483 -0.9960917830467224 0.003247169777750969
-1.033868670463562 -0.9915530681610107 0.0008272354025393724
-0.004207859747111797 0.013407737016677856 -0.0016338455025106668
0.9845861792564392 -1.0039933919906616 0.007730996236205101
1.002732276916504 -0.0027621397748589516 0.0013976363698020577
-1.0302214622497559 -0.9908359050750732 0.0041165659204125404
-0.003884623060002923 0.013166164048016071 -0.002993771806359291
-0.03168735280632973 -0.9944990277290344 0.003812512382864952
0.9817752242088318 -1.001402735710144 0.01117701269686222
-1.0295112133026123 -0.992962658405304 0.0021634602453559637
1.0030771493911743 0.0011085844598710537 0.006926293019205332
-0.03188714012503624 -0.9938292503356934 0.0041074068285524845
-0.003544679144397378 0.013666804879903793 -0.0007363277836702764
0.977228581905365 -1.0070762634277344 0.018588460981845856
1.0059523582458496 -0.002479452406987548 0.008426758460700512
-0.03384659066796303 -0.9950096607208252 0.003459729952737689
-0.007319585885852575 0.014720894396305084 -0.007120337802916765
-1.0310909748077393 -0.9935219883918762 0.0008526922320015728
0.9858186841011047 -1.0119085311889648 0.059211645275354385
0.9924972653388977 -0.0040139988996088505 0.027379777282476425
-0.041485030204057693 -0.9966945648193359 0.010436814278364182
-1.046910047531128 -0.9886882901191711 0.021961016580462456
-0.011666851118206978 0.015322982333600521 -0.009058852680027485
0.990947425365448 -1.0152912139892578 0.12903407216072083
0.9762067794799805 -0.006350183393806219 0.07657196372747421
-0.049083124846220016 -0.9942203164100647 0.049309030175209045
-1.055662751197815 -0.9871461987495422 0.07005111128091812
-0.0036873603239655495 0.013142571784555912 0.006089689675718546
0.9991142749786377 -1.013999104499817 0.22313374280929565
-0.03697824850678444 -0.9935771226882935 0.1307377815246582
-1.026742696762085 -0.9940822124481201 0.15092982351779938
-0.004606934264302254 0.014194178394973278 0.03830992057919502
0.9562052488327026 -0.007431465201079845 0.1504385769367218
0.9995520114898682 -1.015947937965393 0.3182598948478699
-1.0164167881011963 -1.0012418031692505 0.23915646970272064
0.9443904757499695 -0.007885990664362907 0.23916833102703094
-0.033510953187942505 -0.9906780123710632 0.23088763654232025
-0.0019763766322284937 0.0143244918435812 0.09896863251924515
0.9939799904823303 -1.0180829763412476 0.4111270010471344
0.9406940937042236 -0.007884921506047249 0.33277592062950134
-0.03394243121147156 -0.9948561787605286 0.3179139792919159
-1.0048127174377441 -1.005986213684082 0.33259350061416626
-0.0006589553086087108 0.017183605581521988 0.17521041631698608
0.9833834171295166 -1.012234091758728 0.5076463222503662
-0.029708776623010635 -0.9992750287055969 0.41272440552711487
-1.0068607330322266 -0.9804535508155823 0.4445677399635315
0.9505802392959595 -0.009790265932679176 0.4374462068080902
-0.0009994568536058068 0.019732659682631493 0.26135116815567017
0.9754239916801453 -1.0122929811477661 0.5998185276985168
0.9662771224975586 -0.009577454999089241 0.5294003486633301
-0.03141973167657852 -0.9948498010635376 0.521731972694397
-1.0133247375488281 -0.9846346974372864 0.529931366443634
0.0004089169087819755 0.015967877581715584 0.33666902780532837
0.9501495957374573 -1.0192707777023315 0.6759607791900635
0.9849212765693665 -0.01006841380149126 0.6221011877059937
-0.032914020121097565 -0.9902850985527039 0.6314265131950378
-1.013075828552246 -0.9751198291778564 0.6254003047943115
0.0030487840995192528 0.01186989527195692 0.4245077669620514
0.9399873614311218 -1.0228595733642578 0.7653746604919434
0.9943151473999023 -0.012275449000298977 0.7189071774482727
-0.03463549166917801 -0.994504451751709 0.7266127467155457
-1.019869327545166 -0.9999264478683472 0.6989239454269409
0.004560568369925022 0.008328843861818314 0.5187219977378845
0.9416145086288452 -1.0253944396972656 0.8453671336174011
1.0054476261138916 -0.012013464234769344 0.8182466626167297
-0.03763161599636078 -0.9934895038604736 0.7968539595603943
-1.0298367738723755 -0.997109591960907 0.792028546333313
0.007868198677897453 0.010575656779110432 0.6059799194335938
0.9438987374305725 -1.0267430543899536 0.908288300037384
-0.035388246178627014 -0.9999600648880005 0.8608319163322449
-1.03522789478302 -0.995393693447113 0.8691233396530151
-0.003213654737919569 0.008867684751749039 0.6975458264350891
1.0089311599731445 -0.014446349814534187 0.8879522681236267
0.9576647281646729 -1.0240072011947632 0.9619027376174927
-0.03160211071372032 -1.0055092573165894 0.9191262722015381
-1.0240538120269775 -0.9899861812591553 0.9380106925964355
0.00013892108108848333 0.005718114785850048 0.7831975221633911
1.0138148069381714 -0.013470779173076153 0.9495818614959717
0.9700282216072083 -1.020588994026184 1.003199577331543
1.0130658149719238 -0.013870065100491047 0.984572172164917
-0.02870539389550686 -1.0079816579818726 0.9657525420188904
-1.020745873451233 -0.9963462948799133 0.9771540760993958
0.00026778108440339565 0.004220414441078901 0.8564644455909729
0.9807457327842712 -1.016636848449707 1.0292541980743408
-0.02733681909739971 -1.0056469440460205 0.9990705251693726
-1.0163360834121704 -1.0005834102630615 1.00325345993042
0.000911360199097544 0.004895033314824104 0.9205003380775452
1.0138421058654785 -0.014392610639333725 1.0108153820037842
1.0093446969985962 -1.0074135065078735 1.0622962713241577
-0.02603408694267273 -1.0042095184326172 1.0278557538986206
-1.0263972282409668 -0.9909716248512268 1.027805209159851
1.0104196071624756 -0.0283666905015707 1.0170564651489258
0.0006752943736501038 0.003513360396027565 0.9738662838935852
1.0189642906188965 -1.0026570558547974 1.0773266553878784
1.0083469152450562 -0.03246372565627098 1.030887246131897
-0.02584570273756981 -0.9995165467262268 1.0443748235702515
-1.0226582288742065 -0.9879460334777832 1.0459500551223755
0.0031496684532612562 0.0013287115143612027 1.01384699344635
0.9951297044754028 -0.9788286685943604 1.0805888175964355
-1.0184365510940552 -0.976698100566864 1.0638091564178467
1.0067429542541504 -0.033577971160411835 1.0465646982192993
-0.026024343445897102 -0.9960556030273438 1.0592633485794067
0.011167384684085846 0.0009934409754350781 1.040326476097107
0.9825341105461121 -0.9707095623016357 1.0821102857589722
-0.026715362444519997 -0.9929704070091248 1.0683608055114746
1.017974615097046 -0.02069680765271187 1.0771158933639526
-1.01844322681427 -0.993539571762085 1.0619966983795166
0.01675165258347988 0.002814242150634527 1.0551681518554688
0.9605082869529724 -1.025424599647522 1.0497843027114868
-0.028247226029634476 -0.9911245107650757 1.0699529647827148
-1.0238113403320312 -0.9885851740837097 1.0727230310440063
1.0207821130752563 -0.021596740931272507 1.0747324228286743
0.023258225992321968 0.007911933586001396 1.0694729089736938
0.9463518857955933 -1.0381890535354614 1.0484154224395752
-1.0261882543563843 -0.991313636302948 1.0796445608139038
1.0232601165771484 -0.01367594487965107 1.0893974304199219
-0.029396455734968185 -0.9908364415168762 1.074934959411621
0.026510916650295258 0.008619259111583233 1.0837280750274658
0.9676605463027954 -1.0428811311721802 1.0707731246948242
1.0285542011260986 -0.006692560389637947 1.0965166091918945
-0.02978593297302723 -0.9920013546943665 1.081807255744934
-1.033869743347168 -0.9850910902023315 1.0815130472183228
0.022083904594182968 0.008163257502019405 1.079418659210205
0.9752709865570068 -1.0467674732208252 1.0827332735061646
1.0268226861953735 -0.0024633475113660097 1.0979700088500977
-0.029436809942126274 -0.9941263794898987 1.0895313024520874
-1.0284202098846436 -0.980952799320221 1.0890588760375977
0.013057174161076546 0.002346223685890436 1.07975435256958
0.9839574694633484 -1.0453236103057861 1.088639497756958
-0.029361508786678314 -0.9964584708213806 1.0954712629318237
-1.0294888019561768 -0.9834418296813965 1.0924934148788452
1.024714469909668 -0.002166514750570059 1.0931087732315063
0.006550157908350229 0.002275774721056223 1.0876736640930176
1.0011613368988037 -0.9930397272109985 1.109716534614563
1.0171372890472412 -0.004046634770929813 1.0878294706344604
-0.025248819962143898 -1.0000591278076172 1.1061980724334717
-1.0280587673187256 -0.9923831820487976 1.0908982753753662
0.00384863605722785 0.0023283283226191998 1.0939788818359375
1.0127360820770264 -0.9950485825538635 1.1068094968795776
1.0167064666748047 0.00026530923787504435 1.100662112236023
-0.024600213393568993 -1.0012078285217285 1.104186773300171
-1.0303876399993896 -1.0019056797027588 1.0906254053115845
0.0014719492755830288 0.0018607776146382093 1.1030482053756714
1.0175673961639404 -0.9956218600273132 1.1017571687698364
-0.024689877405762672 -1.001912236213684 1.0986474752426147
-1.03156316280365 -1.0089523792266846 1.0923223495483398
-0.000851211603730917 0.00015763810370117426 1.1015886068344116
1.0186680555343628 -0.003358344314619899 1.0997734069824219
1.0204287767410278 -1.011228084564209 1.0839111804962158
-0.02492927759885788 -1.0026745796203613 1.1027414798736572
-1.031447172164917 -1.0135595798492432 1.0948388576507568
1.015142798423767 -0.005176011938601732 1.0988121032714844
0.0013482015347108245 0.006669477093964815 1.102182388305664
0.9987062811851501 -1.0009844303131104 1.0844286680221558
1.011775016784668 -0.007879017852246761 1.0913363695144653
-0.025768451392650604 -1.0025428533554077 1.1037181615829468
-1.0308278799057007 -1.0128718614578247 1.0966300964355469
0.0010323547758162022 0.005316207185387611 1.1005791425704956
0.9857417345046997 -1.0030202865600586 1.0856459140777588
1.0242948532104492 -0.008632470853626728 1.099542498588562
-0.02703835256397724 -1.0018501281738281 1.1036196947097778
-1.0301629304885864 -1.0114489793777466 1.0980068445205688
0.0010005274089053273 0.007971311919391155 1.1014350652694702
0.9599747657775879 -0.9998680353164673 1.0987249612808228
-0.040253717452287674 -0.9867817163467407 1.1012409925460815
-1.027927041053772 -1.008056879043579 1.0985478162765503
1.0128637552261353 -0.006084933411329985 1.110041856765747
0.0001691020734142512 0.007946643978357315 1.1069700717926025
0.9545438885688782 -0.9981752634048462 1.1052899360656738
-0.04053829610347748 -0.97243332862854 1.1025543212890625
-1.0262295007705688 -1.004901647567749 1.100334644317627
1.0090439319610596 -0.005372566170990467 1.1081961393356323
-0.0003398187691345811 0.009607547894120216 1.1076772212982178
0.9553141593933105 -0.9958168268203735 1.1050388813018799
-0.04016954079270363 -0.9661478400230408 1.0980229377746582
1.0049195289611816 -0.0045167445205152035 1.1045194864273071
-1.0253056287765503 -1.0022289752960205 1.1006089448928833
-3.083883711951785e-05 0.012711509130895138 1.105087161064148
0.9628889560699463 -0.9937311410903931 1.0999774932861328
1.0037345886230469 -0.0017118642572313547 1.103965401649475
-0.033133044838905334 -0.9669977426528931 1.09440016746521
-1.0249229669570923 -1.000187635421753 1.0992661714553833
0.0005845590494573116 0.014191310852766037 1.1027368307113647
0.9800595045089722 -0.9838700890541077 1.1083842515945435
1.0046546459197998 -0.0024293973110616207 1.0993188619613647
-0.02413773722946644 -0.97220379114151 1.0930861234664917
-1.0253779888153076 -0.9986737966537476 1.094412922859192
0.0023304172791540623 0.020609524101018906 1.0961145162582397
0.9916628003120422 -0.9821045398712158 1.1076161861419678
1.0102509260177612 -0.0051468750461936 1.0959125757217407
-0.017053905874490738 -0.9796524047851562 1.0922346115112305
-1.027388572692871 -1.008036732673645 1.0902423858642578
0.0035274126566946507 0.023627515882253647 1.0937144756317139
-1.030781626701355 -1.0058692693710327 1.0893018245697021
1.0011248588562012 -0.982356607913971 1.1050084829330444
1.0105524063110352 -0.008172187954187393 1.0947593450546265
-0.027144821360707283 -1.0404207706451416 1.0742982625961304
0.0010943085653707385 0.02088172547519207 1.09390389919281
1.003544569015503 -1.0159635543823242 1.0700318813323975
-1.0340584516525269 -1.0038251876831055 1.0887091159820557
1.0022051334381104 -0.007238519378006458 1.087449550628662
-0.024798162281513214 -1.0616518259048462 1.0676096677780151
-0.0019241368863731623 0.019165238365530968 1.09237539768219
0.9756008982658386 -1.0269196033477783 1.0597310066223145
-1.027154803276062 -0.9967655539512634 1.093842625617981
1.0029470920562744 -0.007790018804371357 1.083155870437622
-0.026258544996380806 -1.072458267211914 1.0668621063232422
0.0003129892284050584 0.02312898449599743 1.0940806865692139
0.9623657464981079 -1.0374168157577515 1.057939887046814
-0.028370767831802368 -1.072892189025879 1.0675400495529175
-1.0250099897384644 -0.9933739900588989 1.0937283039093018
0.999727725982666 -0.007238765712827444 1.082349181175232
0.00019181007519364357 0.024820154532790184 1.0930291414260864
0.9596648812294006 -1.029737949371338 1.0703418254852295
0.9875600934028625 -0.007241139654070139 1.087012767791748
-0.04836493730545044 -1.0106159448623657 1.091395378112793
-1.0464309453964233 -1.0180269479751587 1.0809578895568848
0.005228467285633087 0.028749413788318634 1.0981080532073975
0.9611506462097168 -1.0223525762557983 1.0820962190628052
-1.0509932041168213 -1.023102045059204 1.0755507946014404
0.9855202436447144 -0.0053121186792850494 1.0922735929489136
-0.05360707640647888 -0.9820859432220459 1.0949525833129883
0.005955562461167574 0.022879887372255325 1.0982716083526611
0.9663043022155762 -1.013497233390808 1.0881447792053223
0.9873201847076416 -0.004717184230685234 1.0932931900024414
-0.05247960984706879 -0.9578036069869995 1.0952415466308594
-1.0531326532363892 -1.0278234481811523 1.0730630159378052
0.0019051787676289678 0.017674515023827553 1.1013355255126953
0.9739305377006531 -1.005408525466919 1.0916695594787598
-0.04512658715248108 -0.9423381686210632 1.0935230255126953
-1.0066255331039429 -0.9807378053665161 1.0958116054534912
0.9968612790107727 -0.0016722568543627858 1.097080111503601
0.0028622783720493317 0.020060952752828598 1.102403998374939
0.9815341234207153 -0.999524712562561 1.0909100770950317
0.9994000792503357 0.000781840761192143 1.0992037057876587
-0.03568584844470024 -0.9376329183578491 1.0904217958450317
-0.9975221753120422 -0.9693844318389893 1.099618673324585
0.0003143195353914052 0.016554074361920357 1.098667860031128
0.9866703152656555 -0.9962368011474609 1.0873081684112549
-0.05864778906106949 -0.9959434270858765 1.0613906383514404
-0.9948176741600037 -0.9668779969215393 1.0950500965118408
-0.003492208430543542 0.014128471724689007 1.0902998447418213
1.0119032859802246 -0.004144967067986727 1.0833543539047241
0.985045313835144 -1.0108031034469604 1.0738972425460815
1.0218573808670044 -0.005807015113532543 1.0703673362731934
-0.03542350232601166 -1.0151194334030151 1.0601660013198853
-0.9987406134605408 -0.9662810564041138 1.0868277549743652
-0.006270138081163168 0.011701681651175022 1.0819721221923828
0.9838371872901917 -1.0163686275482178 1.0687686204910278
1.0263344049453735 -0.007031329441815615 1.0684739351272583
-0.025364713743329048 -1.0318394899368286 1.0568174123764038
-1.0060616731643677 -0.970413863658905 1.078786015510559
-0.009138423949480057 0.007772010751068592 1.0758702754974365
0.9812099933624268 -1.0214492082595825 1.0668060779571533
1.026456594467163 -0.007420327514410019 1.0710723400115967
-0.016676437109708786 -1.0375603437423706 1.0508095026016235
-1.0161755084991455 -0.978296160697937 1.0739614963531494
-0.012044165283441544 0.0021068884525448084 1.073926568031311
-1.0267508029937744 -0.9875090718269348 1.0726432800292969
0.983803391456604 -1.0152817964553833 1.065369963645935
1.0233376026153564 -0.007388229947537184 1.0735894441604614
-0.04040541499853134 -1.0286015272140503 1.0607017278671265
-0.013929484412074089 0.002682873047888279 1.069744348526001
0.982494056224823 -1.0138111114501953 1.0679882764816284
1.01885986328125 -0.007133910432457924 1.074366569519043
-0.05767776072025299 -1.0119116306304932 1.077309012413025
-1.0339640378952026 -1.0244946479797363 1.058119297027588
-0.016975723206996918 -0.0021979541052132845 1.067624568939209
0.9812888503074646 -1.0121665000915527 1.0686677694320679
0.9651585221290588 -0.006818272639065981 1.0666040182113647
-0.07355869561433792 -0.9855528473854065 1.091200590133667
-1.039189338684082 -1.036207914352417 1.0578571557998657
-0.022015506401658058 -0.011238420382142067 1.0663212537765503
0.9804080128669739 -1.0102866888046265 1.0678635835647583
-0.0902918353676796 -0.9725866913795471 1.0855815410614014
-1.0415385961532593 -1.040420651435852 1.0598232746124268
0.9472793340682983 -0.006976999342441559 1.0642824172973633
-0.024694832041859627 -0.015244973823428154 1.064483880996704
0.9780932068824768 -1.0096354484558105 1.0669279098510742
0.9438320994377136 -0.0034454192500561476 1.0537513494491577
-0.09187857061624527 -0.9708574414253235 1.0729731321334839
-1.0403696298599243 -1.0358781814575195 1.061410903930664
-0.02141750045120716 -0.009331949055194855 1.0551486015319824
0.9917383193969727 -1.0041353702545166 1.0727719068527222
0.9431899785995483 -0.001954503823071718 1.046562910079956
-0.08331179618835449 -0.9738134741783142 1.0660349130630493
-1.0366480350494385 -1.0271806716918945 1.063167691230774
-0.018501346930861473 -0.0027854512445628643 1.0589122772216797
[radio://0/80/2M/E7E7E7E70C]: takeoff complete
-1.0321509838104248 -1.0171962976455688 1.0637933015823364
0.9971098899841309 -1.0025856494903564 1.0742738246917725
0.9501091241836548 -0.0004529353464022279 1.0452204942703247
-0.06341257691383362 -0.9746397733688354 1.0698893070220947
-0.015532666817307472 -0.0026187992189079523 1.0605665445327759
[radio://0/80/2M/E7E7E7E704]: takeoff complete
[radio://0/80/2M/E7E7E7E702]: takeoff complete
0.9891204833984375 -1.0070736408233643 1.0693389177322388
0.9692564606666565 -0.0055941687896847725 1.0660415887832642
-0.05142189934849739 -0.992393970489502 1.0642915964126587
[radio://0/80/2M/E7E7E7E705]: takeoff complete
-1.0277420282363892 -1.0067675113677979 1.064355731010437
-0.00841500423848629 -4.191999323666096e-05 1.0614112615585327
0.9816308617591858 -1.0108143091201782 1.0626252889633179
0.9831356406211853 -0.0021276867482811213 1.0701884031295776
-0.0398748405277729 -1.0206753015518188 1.0517412424087524
-1.0240775346755981 -0.997727632522583 1.063605785369873
-0.002016289159655571 7.289536006283015e-05 1.0677849054336548
[radio://0/80/2M/E7E7E7E701]: takeoff complete
0.9612663984298706 -1.010849952697754 1.0492407083511353
-0.046192169189453125 -1.0238937139511108 1.048959493637085
-1.0213711261749268 -0.9962993264198303 1.0588685274124146
1.0058841705322266 -0.0010117801139131188 1.0758981704711914
0.006727613043040037 0.0070597948506474495 1.0646593570709229
0.9476808309555054 -1.016495704650879 1.0423351526260376
1.0082197189331055 0.00011666250793496147 1.0761812925338745
-0.03936190903186798 -1.0260921716690063 1.0479179620742798
-1.0200026035308838 -0.9949527382850647 1.0566415786743164
0.013167260214686394 0.008417926728725433 1.0606564283370972
0.9399056434631348 -1.0187618732452393 1.0516114234924316
-0.039647381752729416 -1.0232205390930176 1.0553489923477173
-1.0198745727539062 -0.9954060316085815 1.0613852739334106
1.0050185918807983 0.001778229372575879 1.0750625133514404
0.012021389789879322 -0.001702044392004609 1.0671519041061401
0.9538114666938782 -1.017107367515564 1.0875213146209717
-1.019813060760498 -0.9967116713523865 1.0778709650039673
1.0053101778030396 0.0013089461717754602 1.0826547145843506
-0.041744884103536606 -1.0193121433258057 1.0718656778335571
0.010193201713263988 0.00031451572431251407 1.0677201747894287
0.9657997488975525 -1.0100072622299194 1.1374343633651733
0.9969322681427002 0.0036720128264278173 1.1147300004959106
-0.04961667209863663 -0.9932329654693604 1.1038134098052979
-1.0201860666275024 -0.9963603615760803 1.1109830141067505
0.024333713576197624 -0.00525245675817132 1.0798895359039307
0.9807780385017395 -1.003124713897705 1.203260064125061
-1.0195996761322021 -0.9975709915161133 1.1611928939819336
0.994130551815033 0.004519239999353886 1.1688388586044312
-0.05712646245956421 -0.9750482439994812 1.1524264812469482
0.02255234681069851 -0.010423840023577213 1.0906310081481934
0.9945663809776306 -0.9965651035308838 1.2772072553634644
-0.05765225365757942 -0.9627655744552612 1.212243914604187
-1.0187090635299683 -0.9999433159828186 1.2305902242660522
1.0005587339401245 0.002369297668337822 1.2219645977020264
0.008328588679432869 -0.012074070051312447 1.1196528673171997
1.0312191247940063 -0.9835569858551025 1.3523993492126465
1.0044244527816772 0.0013346488121896982 1.2924319505691528
-0.05388220399618149 -0.9560865759849548 1.2812864780426025
-1.0171072483062744 -0.999485194683075 1.303178310394287
-0.0016319667920470238 -0.011093156412243843 1.1754547357559204
1.0561842918395996 -0.9673742651939392 1.4383625984191895
0.987708568572998 0.0006270325975492597 1.3622612953186035
-0.018484417349100113 -0.9711233973503113 1.3509948253631592
-1.014736294746399 -0.9990857839584351 1.3760935068130493
-0.03426272049546242 -0.007930755615234375 1.256332516670227
1.066317081451416 -0.9710170030593872 1.4783825874328613
-1.0117664337158203 -0.9965022206306458 1.4302878379821777
0.9937804937362671 0.0007933059241622686 1.4279944896697998
-0.023070376366376877 -1.0467758178710938 1.3883075714111328
-0.04058697074651718 0.0024592638947069645 1.3349305391311646
1.0680513381958008 -0.9679512977600098 1.5094294548034668
1.0016138553619385 -0.0018636130262166262 1.4749338626861572
-0.007882505655288696 -1.0784542560577393 1.4382652044296265
-1.0081874132156372 -0.995419442653656 1.4764056205749512
-0.04003133997321129 0.007729640696197748 1.399927020072937
1.0462286472320557 -0.9736934304237366 1.5307422876358032
0.004857316147536039 -1.0806684494018555 1.492379903793335
-1.0046154260635376 -0.9929350018501282 1.510379433631897
0.9992808699607849 -0.0011122026480734348 1.511317491531372
-0.03272110968828201 0.01236888486891985 1.4646052122116089
1.0262978076934814 -0.9810718297958374 1.5499918460845947
1.0017781257629395 -0.00041987726581282914 1.535984754562378
0.012369241565465927 -1.0829110145568848 1.5286757946014404
-1.0004003047943115 -0.9929212331771851 1.5324902534484863
-0.017806658521294594 0.012218090705573559 1.5138318538665771
1.0057179927825928 -0.9891917705535889 1.563596487045288
1.0041998624801636 -0.002036974299699068 1.5486825704574585
0.011397023685276508 -1.0604287385940552 1.5471978187561035
-0.9973840117454529 -0.9939665198326111 1.5491746664047241
-0.003933748695999384 0.01889081671833992 1.5427048206329346
0.9739542007446289 -0.9863603711128235 1.5642238855361938
-0.9951924085617065 -0.9959198832511902 1.5610663890838623
1.019037127494812 -0.006603189278393984 1.55564284324646
-0.002186961006373167 -1.0407012701034546 1.5578306913375854
0.0016403459012508392 0.011095812544226646 1.5636111497879028
0.9543004631996155 -1.0023919343948364 1.5578174591064453
1.0151444673538208 -0.004706809762865305 1.5642350912094116
-0.01587234064936638 -1.026123046875 1.5569782257080078
-1.0020077228546143 -1.0181028842926025 1.5658740997314453
0.006779248360544443 0.008874069899320602 1.5719069242477417
-0.026952272281050682 -1.0112682580947876 1.5565871000289917
-1.0065135955810547 -1.031457543373108 1.5662028789520264
0.9439425468444824 -1.0079139471054077 1.5568265914916992
1.0139119625091553 -0.002560977591201663 1.571346640586853
0.00884573720395565 0.009422918781638145 1.580791711807251
0.9419686794281006 -1.0108609199523926 1.5613088607788086
1.0074787139892578 -0.004120598081499338 1.5722755193710327
-0.0139753557741642 -0.9900132417678833 1.5611439943313599
-0.991073727607727 -1.0402472019195557 1.5677027702331543
0.015894655138254166 0.00751412333920598 1.5926913022994995
0.947702944278717 -1.0110831260681152 1.5676628351211548
1.0080420970916748 0.004850341472774744 1.583604335784912
-0.004002630244940519 -0.9754313230514526 1.5769612789154053
-0.9896817207336426 -1.0447499752044678 1.5737982988357544
0.023360243067145348 0.017588701099157333 1.5990046262741089
1.050955891609192 -0.981541633605957 1.6003611087799072
1.0130019187927246 0.003680009860545397 1.5824819803237915
0.006202236749231815 -0.9654152393341064 1.588603138923645
-0.9894546270370483 -1.0433616638183594 1.5793596506118774
0.01919575221836567 0.01701154001057148 1.5876257419586182
1.08231782913208 -0.9733603000640869 1.606105923652649
1.0143873691558838 0.00413940753787756 1.5784114599227905
0.009069660678505898 -0.9561859965324402 1.5922486782073975
-0.9918702840805054 -0.9607550501823425 1.6025937795639038
0.017180174589157104 0.02003621868789196 1.587277889251709
1.1184537410736084 -0.9765269160270691 1.6141690015792847
1.004775047302246 0.007013970520347357 1.5866791009902954
0.021156251430511475 -0.9301053285598755 1.5965006351470947
-0.9908367395401001 -0.9482561349868774 1.603330373764038
0.0243991706520319 0.015452404506504536 1.5927873849868774
1.1240437030792236 -0.9836428761482239 1.6020714044570923
-0.9901798963546753 -0.927413284778595 1.6038645505905151
0.014724151231348515 -0.9353458285331726 1.5878417491912842
1.007718801498413 0.00547906244173646 1.5968272686004639
0.014506104402244091 0.020173329859972 1.594700813293457
1.1133424043655396 -0.994308590888977 1.585115909576416
-0.9968838691711426 -0.94256991147995 1.5905510187149048
0.008695580996572971 -0.944776713848114 1.579732894897461
0.9980478286743164 0.012296231463551521 1.5970525741577148
0.010331723839044571 0.01324122678488493 1.5971077680587769
1.0724098682403564 -0.974877119064331 1.5725371837615967
-0.9989895224571228 -0.9531497955322266 1.5807390213012695
0.0024961065500974655 -0.9591947793960571 1.5746878385543823
0.9944573640823364 0.015719879418611526 1.5921268463134766
0.003684257622808218 0.01602950692176819 1.6000536680221558
1.0379120111465454 -0.9746191501617432 1.5669286251068115
1.000640869140625 0.00566001096740365 1.5779134035110474
-1.0248528718948364 -0.960645318031311 1.5839072465896606
0.0015987502411007881 -0.9869577884674072 1.569772720336914
0.002939237281680107 0.008390826173126698 1.5845674276351929
1.0055882930755615 -0.9748935699462891 1.5779260396957397
-1.0265015363693237 -0.971352756023407 1.5868215560913086
-0.000661186408251524 -1.0091310739517212 1.5710859298706055
1.0080910921096802 -0.004189555533230305 1.570829153060913
-0.008047901093959808 0.009797751903533936 1.5829334259033203
0.9896360039710999 -0.977885365486145 1.572024941444397
-0.9955731630325317 -0.9652036428451538 1.5918898582458496
-0.004673786461353302 -1.0155878067016602 1.5640177726745605
0.9998401403427124 -0.0020399217028170824 1.568814992904663
-0.01458489615470171 0.0036003896966576576 1.5700665712356567
0.9792538285255432 -0.9794780611991882 1.569872498512268
-0.9920094609260559 -0.9669739603996277 1.588905692100525
-0.006093204952776432 -1.0232274532318115 1.559921145439148
1.0008901357650757 -0.0037131579592823982 1.5712165832519531
-0.018302004784345627 0.010931046679615974 1.562678575515747
0.975387454032898 -0.9829860329627991 1.5651607513427734
-0.015609167516231537 -1.0271902084350586 1.5676482915878296
0.9864562749862671 0.0030127570498734713 1.5782495737075806
-0.9918758273124695 -0.9685072898864746 1.5850634574890137
-0.0241139717400074 0.01210731826722622 1.5488507747650146
0.977683961391449 -0.9875730872154236 1.5626767873764038
-0.9948297739028931 -0.972133219242096 1.5793089866638184
0.012875918298959732 -1.0140589475631714 1.5730044841766357
0.9814453125 -0.000973353220615536 1.5650454759597778
-0.013341297395527363 0.017129935324192047 1.5622570514678955
0.983696460723877 -0.9926348328590393 1.5623704195022583
-0.9962229132652283 -0.9871289134025574 1.5743827819824219
0.03296167030930519 -1.0067567825317383 1.5687596797943115
0.9785329699516296 0.0008086809539236128 1.5599439144134521
-0.012796356342732906 0.0054510170593857765 1.5487247705459595
0.9715696573257446 -0.9932713508605957 1.5558072328567505
-0.997386634349823 -0.9958317875862122 1.572403073310852
0.023964358493685722 -1.001526951789856 1.5590949058532715
1.003170132637024 0.0007156194769777358 1.573886513710022
-0.022006027400493622 0.003776397556066513 1.5597175359725952
0.9853514432907104 -0.9550459980964661 1.5681272745132446
0.024639418348670006 -0.9983131289482117 1.551990270614624
1.0101219415664673 0.0008178824209608138 1.5810848474502563
-0.9988712072372437 -1.0030442476272583 1.5712640285491943
-0.016855750232934952 0.007523616775870323 1.5645575523376465
1.0080666542053223 -0.9692541360855103 1.5557122230529785
-1.0014433860778809 -1.0059800148010254 1.5643447637557983
0.01567057892680168 -0.9975261688232422 1.547424077987671
1.0162508487701416 0.001864872989244759 1.579371452331543
-0.012465852312743664 0.01354797650128603 1.56429922580719
1.0150249004364014 -0.9726166129112244 1.5531883239746094
-1.0303370952606201 -1.0363737344741821 1.5496997833251953
-0.003578692441806197 -0.9733272790908813 1.5500471591949463
1.0215702056884766 0.0016085151582956314 1.575278401374817
-0.0011868053115904331 0.019553903490304947 1.5672578811645508
1.017991065979004 -0.9685320258140564 1.5454609394073486
-1.0358607769012451 -1.0412254333496094 1.5464129447937012
-0.008227281272411346 -0.9816951751708984 1.545859456062317
1.023298978805542 0.0009732901235111058 1.5695134401321411
0.018650636076927185 0.01822713203728199 1.5797622203826904
1.0120469331741333 -0.9708943963050842 1.5445528030395508
-1.0390996932983398 -1.0423197746276855 1.5464446544647217
-0.012370983138680458 -0.9875873923301697 1.543761968612671
1.0076512098312378 -0.010189426131546497 1.5582735538482666
0.025886185467243195 0.015744514763355255 1.5775582790374756
0.9898375272750854 -0.9762941002845764 1.5492479801177979
-0.022179855033755302 -1.0194838047027588 1.5365440845489502
0.9808613061904907 0.009882504120469093 1.5522103309631348
0.0290010254830122 0.010416910983622074 1.5743287801742554
-1.0356414318084717 -1.0390021800994873 1.5505141019821167
0.9817588925361633 -0.978408932685852 1.5596816539764404
-0.04304209724068642 -1.0179709196090698 1.5458595752716064
0.9730308651924133 0.012513610534369946 1.5500487089157104
-1.030287265777588 -1.0296252965927124 1.554520845413208
0.029651135206222534 0.0014938795939087868 1.571473479270935
0.9769297242164612 -0.9789592623710632 1.5649160146713257
0.9776839017868042 0.0113590182736516 1.5481610298156738
-1.0213909149169922 -1.0194597244262695 1.55370032787323
-0.019289344549179077 -1.0211384296417236 1.5568385124206543
0.027440086007118225 -0.004104400519281626 1.567992091178894
0.9746018648147583 -0.9811882972717285 1.5624698400497437
-1.01393723487854 -1.011390209197998 1.5508251190185547
-0.008662320673465729 -1.0011991262435913 1.5626345872879028
0.9823378920555115 0.01027042604982853 1.542738676071167
0.026044191792607307 -0.008417487144470215 1.5670534372329712
0.9760170578956604 -0.9830871224403381 1.5489416122436523
-1.007705807685852 -1.0061856508255005 1.5446548461914062
-0.014202442951500416 -0.9770169258117676 1.560735821723938
0.9899805784225464 0.006665725726634264 1.5403177738189697
0.02212318405508995 -0.011851795949041843 1.5661778450012207
0.9798137545585632 -0.9846000075340271 1.5205020904541016
0.9934604167938232 -0.0009971242398023605 1.5309646129608154
-1.003000259399414 -1.0030382871627808 1.5255497694015503
-0.015079308301210403 -0.9802003502845764 1.5418566465377808
0.013260920532047749 -0.01972687430679798 1.5631861686706543
0.9847500920295715 -0.9856171011924744 1.4744906425476074
-0.013543528504669666 -0.9726758599281311 1.5125681161880493
0.9970329403877258 0.001287188846617937 1.4912590980529785
-1.0005526542663574 -1.0017259120941162 1.4927282333374023
0.0064232381992042065 -0.015805786475539207 1.5438916683197021
0.9896077513694763 -0.9867257475852966 1.4105056524276733
-0.010075348429381847 -0.9729153513908386 1.4681521654129028
1.0002086162567139 -0.0013983796816319227 1.437194585800171
-0.9994044303894043 -1.0015655755996704 1.44094979763031
-0.0014148481423035264 -0.024830935522913933 1.515848159790039
0.994321346282959 -0.9885872602462769 1.334298849105835
-0.999606192111969 -1.001458764076233 1.3785779476165771
-0.013081755489110947 -0.9977954626083374 1.3850884437561035
1.0007268190383911 -0.004221100360155106 1.3702727556228638
-0.006875905673950911 -0.028783144429326057 1.4803210496902466
1.029917597770691 -1.0162570476531982 1.2059160470962524
1.001589059829712 -0.004410050809383392 1.2907391786575317
-1.0001888275146484 -1.0017917156219482 1.3034038543701172
0.002119022887200117 -1.0074611902236938 1.3170398473739624
-0.01074813399463892 -0.027871023863554 1.4172636270523071
0.9957115054130554 -1.0373101234436035 1.1140435934066772
0.010942613705992699 -1.022725224494934 1.2421497106552124
1.0030027627944946 -0.005567233543843031 1.2154306173324585
-1.000233769416809 -1.0038316249847412 1.225260615348816
-0.011636555194854736 -0.027644267305731773 1.3446311950683594
0.9908772110939026 -1.046054482460022 1.0640310049057007
-1.0002697706222534 -1.0039207935333252 1.1621063947677612
0.01825869083404541 -1.029157280921936 1.1790452003479004
1.0034693479537964 -0.005415493156760931 1.1516854763031006
-0.011612115427851677 -0.019976209849119186 1.2580770254135132
0.9873148202896118 -1.0491738319396973 1.0373623371124268
-1.005428671836853 -1.0261269807815552 1.1016043424606323
0.00665227510035038 -0.9992976784706116 1.127811074256897
1.0043970346450806 -0.0033509666100144386 1.1053053140640259
-0.015161770395934582 -0.018609529361128807 1.1881030797958374
0.9845173954963684 -1.0460431575775146 1.026262879371643
1.003353476524353 -0.0005003793630748987 1.0717198848724365
-1.002018928527832 -1.0348464250564575 1.0612566471099854
-0.005810913164168596 -0.9790381193161011 1.0922443866729736
-0.01884997822344303 -0.018338875845074654 1.1322146654129028
0.9832552075386047 -1.0391221046447754 1.0214866399765015
-1.0050519704818726 -1.0078500509262085 1.0496366024017334
-0.01253499835729599 -0.9613332152366638 1.0680063962936401
0.9897724390029907 -0.0006107577937655151 1.0443319082260132
-0.02492465451359749 -0.017475062981247902 1.0956615209579468
0.9903703331947327 -1.0035580396652222 1.033976435661316
-1.0049943923950195 -0.98477703332901 1.0445433855056763
0.017421472817659378 -0.9414086937904358 1.0521348714828491
0.9836575984954834 0.0015600896440446377 1.0270767211914062
-0.018558600917458534 -0.018279576674103737 1.0635188817977905
0.9965092539787292 -1.0205801725387573 1.0102038383483887
0.9787537455558777 0.002392240334302187 1.0149664878845215
-1.0089738368988037 -0.972514271736145 1.0374114513397217
0.026964331045746803 -0.935623824596405 1.04202401638031
-0.025396939367055893 -0.015268879942595959 1.0443880558013916
1.0000791549682617 -1.0210076570510864 0.9980401396751404
-1.0089943408966064 -0.9603977203369141 1.0271837711334229
0.032975926995277405 -0.9374425411224365 1.032837152481079
0.9765189290046692 0.002339167520403862 1.0060687065124512
-0.028555531054735184 -0.013432885520160198 1.0272529125213623
1.001641869544983 -1.0199253559112549 0.9955796599388123
0.03984130173921585 -0.9712401628494263 1.0029581785202026
0.9818252325057983 0.0025397923309355974 0.9828395843505859
-1.0101349353790283 -0.958804726600647 1.0130372047424316
-0.02849767543375492 -0.015639156103134155 1.0175244808197021
0.9792963862419128 -1.0237895250320435 0.9915952086448669
-1.0046250820159912 -0.9657472968101501 0.9971690773963928
0.019077081233263016 -0.9856905341148376 0.9903559684753418
0.9865738153457642 0.002071800408884883 0.9752653241157532
-0.021747684106230736 -0.016211049631237984 1.014063835144043
0.9777243733406067 -1.0207433700561523 0.9940732717514038
-0.9923138618469238 -0.9687332510948181 0.9921911358833313
0.00725652277469635 -1.0023367404937744 0.9835904836654663
0.9925569891929626 0.002412104746326804 0.9738582372665405
-0.01092443335801363 -0.0234803669154644 1.0066120624542236
0.9795041084289551 -1.015560269355774 0.9954323172569275
-0.9884818196296692 -0.9778900742530823 0.9881604909896851
0.02867458201944828 -1.0092519521713257 0.985299289226532
1.0432804822921753 0.0022555675823241472 0.999057412147522
-0.012756253592669964 -0.022422807291150093 1.0044517517089844
0.9836909770965576 -1.0098886489868164 0.9946808218955994
1.0550854206085205 0.0029947368893772364 1.0097029209136963
-0.9862546324729919 -0.9862306118011475 0.9848671555519104
0.030934451147913933 -1.0135276317596436 0.9938851594924927
-0.009790591895580292 -0.016091901808977127 1.0034288167953491
0.989859402179718 -1.004054307937622 0.9946295022964478
1.0647691488265991 0.005380668211728334 1.0165178775787354
-0.9866811037063599 -0.9930484294891357 0.9823824763298035
0.02716381475329399 -1.0088880062103271 0.9972817897796631
-0.009537612088024616 -0.011610661633312702 0.9971774816513062
0.9953493475914001 -0.9988276362419128 0.9965292811393738
-0.9885246753692627 -0.9973514676094055 0.9829629063606262
0.01787763647735119 -0.9960813522338867 1.0014863014221191
1.0584936141967773 0.009082280099391937 1.0086231231689453
-0.011309699155390263 -0.00139653030782938 0.9959359169006348
0.9998596906661987 -0.9934861660003662 0.9950673580169678
-0.9909315705299377 -0.9979944229125977 0.983709454536438
0.00882834941148758 -0.9842532277107239 1.0021324157714844
1.0524251461029053 0.005370336584746838 0.9903978109359741
-0.013799609616398811 0.005107421427965164 0.9827675223350525
1.0018690824508667 -0.988472580909729 0.9900291562080383
-0.9937039017677307 -0.9983775615692139 0.9842494130134583
-0.015607322566211224 -0.988585889339447 0.9907735586166382
1.0389620065689087 0.001936333253979683 0.9752583503723145
-0.004409437067806721 0.011732470244169235 0.982999861240387
1.0029853582382202 -0.9857695698738098 0.986395001411438
-0.9961014986038208 -0.9952769875526428 0.9832621812820435
-0.028004374355077744 -0.99276202917099 0.9783621430397034
1.0334153175354004 0.0021397070959210396 0.9780802130699158
0.0012154264841228724 0.009045624174177647 0.9766308665275574
1.0032960176467896 -0.9848880171775818 0.9849032759666443
-0.9985726475715637 -0.9940227270126343 0.9826284646987915
-0.008891208097338676 -1.001328706741333 0.9826675653457642
1.0295450687408447 -0.002120604505762458 0.977584719657898
0.002103053033351898 0.009214868769049644 0.9716152548789978
1.002407431602478 -0.9906176328659058 0.9837165474891663
-0.9997084736824036 -0.9936493039131165 0.9802483320236206
0.006003059912472963 -1.0075798034667969 0.9893665909767151
1.0099995136260986 -0.003530923742800951 0.9755827188491821
0.004689125344157219 0.005747922696173191 0.9769936203956604
1.00128972530365 -0.9974101781845093 0.985675036907196
-0.9986212849617004 -0.9935771226882935 0.982458770275116
0.015257302671670914 -1.0149387121200562 0.9934112429618835
1.0007641315460205 -0.004560891538858414 0.9742716550827026
0.0033689059782773256 0.0033110782969743013 0.9753273129463196
1.0017871856689453 -0.996249794960022 0.9881404042243958
-0.9985345602035522 -0.9949395060539246 0.98367840051651
0.022882981225848198 -1.018500804901123 0.9947298765182495
0.9972084760665894 -0.003605516394600272 0.9753242135047913
-0.0008836589986458421 0.0024930862709879875 0.9744262099266052
1.011975646018982 -0.9905184507369995 0.9947446584701538
1.0003830194473267 -0.0012454141397029161 0.9804090857505798
-0.9980143308639526 -0.9967485666275024 0.9832075238227844
0.02124582976102829 -1.0342400074005127 0.9766238927841187
-0.0036287428811192513 0.0029109222814440727 0.9761202931404114
1.019149661064148 -0.9894199967384338 0.9954609274864197
0.017087627202272415 -1.0299677848815918 0.9724035859107971
1.000998854637146 0.002905667759478092 0.9894951581954956
-0.9972811937332153 -0.9978950619697571 0.9825253486633301
-0.007286908570677042 -0.00580621836706996 0.9777329564094543
1.0244431495666504 -0.9881406426429749 0.9953941106796265
-0.9968985319137573 -0.9998352527618408 0.98387610912323
0.010997754521667957 -1.0251718759536743 0.9743413925170898
1.0031296014785767 0.005686743184924126 0.9952073693275452
-0.007135689724236727 -0.006110139191150665 0.9816078543663025
0.9904361367225647 -0.9973404407501221 0.9785036444664001
-0.9968907237052917 -1.0017826557159424 0.9861854910850525
0.004666699096560478 -1.0174341201782227 0.9771578907966614
1.0097932815551758 0.0021894611418247223 0.9874823093414307
0.003080604365095496 -0.0043966746889054775 0.9925494194030762
0.9769147038459778 -1.0020222663879395 0.9696386456489563
-0.9971582293510437 -1.0027602910995483 0.9854618310928345
-0.005311988759785891 -0.9909958243370056 0.9787842631340027
0.9995128512382507 0.01220780797302723 0.9889305233955383
0.00623453501611948 0.0019795424304902554 0.9916664958000183
0.9729188680648804 -0.9998306632041931 0.9710725545883179
-1.017412543296814 -1.0288633108139038 0.9749631881713867
-0.010803859680891037 -0.9773977398872375 0.9767137169837952
1.0043532848358154 0.008513441309332848 0.980503499507904
0.008725158870220184 0.0015510593075305223 0.9838849306106567
0.9707509875297546 -0.9922515153884888 0.9787452220916748
-1.0110045671463013 -1.0257197618484497 0.9775364398956299
-0.03444989025592804 -0.9675078988075256 0.9874520897865295
1.0048189163208008 0.009830507449805737 0.9774646759033203
0.01781557686626911 0.004888677969574928 0.9893937706947327
[radio://0/80/2M/E7E7E7E70C]: mission complete
0.9696178436279297 -1.0004163980484009 0.9731106758117676
-1.0117472410202026 -1.0206629037857056 0.9848466515541077
-0.03582993149757385 -0.9684615731239319 0.9909408688545227
0.990705132484436 0.01451654452830553 0.9887431859970093
0.019714776426553726 0.0006763337296433747 0.985848069190979
